26.118685428912716,12.70167628138318
29.680438285739914,12.62133544304439
28.437909705366664,10.706601487292271
28.752713103431304,11.581915824396614
23.828131605601047,12.505442669311272
28.739368967947037,12.679054848757339
27.5279663864341,11.243043617195939
27.199219184212314,11.229247948251954
27.953595052441877,12.514397467846152
28.458057802140935,11.402035690706347
29.188463581638167,12.81891572621732
24.43443455387237,10.760921242666482
23.733800168411783,11.633529140286898
27.854958583329882,13.034436429345224
26.36958094224815,11.865427434994537
27.26148412859664,12.784852544342312
27.778690956813396,11.83919119722463
28.46213105375851,10.97309173442859
27.72221987531627,11.004263372384615
28.97773467814603,11.718428865631525
29.175842201060775,12.761519833743277
27.192911721564656,12.399101155474424
27.398753144027573,13.201210470324947
28.734057794090404,11.221950263914668
23.577869648437577,12.385552112468828
29.40604542735109,12.89612679619262
25.42745992407687,11.72715673289023
28.503252481590273,10.926094020077121
24.172797926254873,12.81398156293301
29.941508340434098,11.240279248995684
28.094109468803488,13.046222447458158
27.761697443015,11.210694799977714
25.947681285671532,12.484070350731956
29.407638310094065,12.098849509102557
28.333969256018534,10.945290935531172
26.514351396311703,12.65255481273815
24.55315393842228,12.154648783113833
23.98093380063942,11.972645805329567
28.278781354341067,12.334202651584109
26.355560672801754,12.186095686994777
25.241011157876642,13.074636131493918
26.07012648944866,12.098425766493246
29.686923030540648,13.157830391819248
30.16077310852906,12.060036257681878
27.819138864317047,12.689567570820078
26.675786573217998,10.950409263849336
24.14863487367329,11.373594142918485
29.54018819082952,11.239312829758571
23.91979064564702,11.16438593777937
25.52935076880972,12.533347975239758
24.415102285970278,11.518303943072688
26.96543580747149,11.981399092977451
24.337222344376972,12.226044411453557
29.63648455006882,10.87610306384064
29.180756145607635,11.517969754235983
23.703014060538983,12.63637410249807
27.9990032342219,10.698731700990198
25.18610578018433,12.498734643447536
28.84593469163973,13.094008039839343
29.865645995379378,11.23965622848627
29.16710726642092,10.747029524313044
25.00547407519418,11.53122329157502
29.560122442020962,10.970278046862456
24.366397427069348,12.617877482768067
27.388243093741597,11.032231447632343
26.40439696108078,12.167740202539672
29.708092396994264,11.529834945910652
25.656700587262208,10.838324573583122
28.3082654741688,11.792411967535148
26.210317430926604,12.141034374786484
23.86847334790222,12.747691860972324
25.981066741735994,12.435996237373038
27.72073302459648,12.61310608975968
28.4769150768299,10.773737341031838
27.715548671411668,11.342562582661056
26.99839693980164,11.380183789994469
27.8881916922854,11.31422799428896
26.23063562361242,11.87156451089284
26.32838681388129,12.480171435981568
28.251685488067423,12.171929926699976
26.954737969843105,11.970308557771288
25.914406334981134,11.324055449701973
29.57182838012527,11.270521686291131
25.12818385551442,12.103699706032193
25.23649158054683,12.283611940445528
24.64242657972235,13.129035472725368
28.057514726774986,12.26598998480303
26.124046563720526,10.74631204495895
30.27715056307211,11.71117645446884
27.03251886052041,12.044083931543746
24.20902627424443,11.52728328292767
27.705488212982683,11.05470862744928
29.661214557221893,11.774638136121437
27.759955292832906,11.009718718419968
29.79437480970685,11.278474649458747
27.27651790543738,11.293441335851055
30.269099571342007,12.945556866323555
27.786672702363706,11.67655428281204
29.50454969192583,10.69361117719128
29.368158986371892,10.88085632534481
27.878783898102803,11.83476157598434
27.868794654009168,13.17577036247044
26.124085115341302,10.796883986129858
25.079656735064685,10.859677489167444
23.97468338359552,12.634904921160702
26.26262317054882,11.52233300051384
29.83953872746749,12.599734702147442
24.52150439996416,12.187382576086767
25.151180330796336,12.727826389801413
25.778822789860012,11.889412241083784
29.75828345029134,11.030846488665878
28.352492106566782,12.224001734297408
23.63836243533901,12.288956356811083
28.191661377219752,12.125738035355482
27.7046510366027,11.190120175307346
26.845522170792517,12.509429694666842
26.79786782171225,11.33578413613711
24.572584283715006,12.208165337683859
29.10992858711218,10.899007900283594
23.95388081345721,13.055811729333271
26.257961521671483,11.677581542641397
26.046145771236397,12.229580450831781
29.921531353051265,10.958557175584383
25.125938241034856,13.137535716094305
29.116260726339874,12.828669096364683
30.152770148277096,10.788160438992533
28.9454437908343,11.771503686035938
28.684502763405156,11.834250347602213
26.51934764346812,12.202687297853833
25.002558905685927,11.636128866675659
26.19334316846604,12.288814689840603
23.949368060981783,13.110526859926695
29.683059169039574,11.284390301319023
27.15833156316209,12.513770491886405
24.881354718666568,12.651998051580964
24.21873304769544,11.001554577922567
29.433580972996868,11.639079603308668
29.024570472214375,12.838093832902734
25.930961245397853,11.38464440643567
27.774781880152794,11.483859223055545
26.531033672543312,13.176921095406184
29.08361722188464,11.18266460218847
28.17894084954431,11.008262967299533
26.37141555098541,12.01159058121871
29.57299406736182,11.53399488855028
25.446776011442417,10.708254296733337
23.58018877798667,11.749248023777596
24.690874609952807,12.255066308615852
25.450088928481986,13.173654907455628
29.430111398105407,12.304779821295845
24.455927513366216,10.908286533513662
25.9441294234204,12.793643863922235
23.685714887595708,13.058677258347668
27.340426680253586,10.912794988674335
29.600564332861357,11.108644528865897
29.53382230137213,11.664220997138093
26.37216835662854,11.841205713605385
26.51093079487969,11.966989581874383
27.696343005931077,12.605309798207186
30.025701084677817,12.152274899177826
24.78259827601973,11.711867224161997
28.859349543372222,12.955586800062957
29.463768588244385,11.117693540968272
29.67858151504964,11.656086272963861
25.10335932000987,12.60310092760542
26.053485118471603,11.483124928756908
27.790456310680316,11.120880277606037
28.092910856337266,12.942308784508235
27.922746392388067,11.386453805415137
29.19260541004599,13.057758660505561
24.283329734412412,13.097932270236198
27.542205135147817,11.967287342333133
28.11842576666457,11.10125238944019
24.581416324905778,12.099532205151315
24.324191437278163,10.798940721047774
29.357625031313226,11.308944305163102
24.064412267554378,11.231870003179234
29.466376063854625,12.84069574024424
23.899041984593996,10.874072143768895
29.406729673545804,11.998593518361167
24.732407506817555,12.190601323297324
25.85892008022862,11.320530311455302
27.49595694718099,11.917551426849682
28.891999604033586,11.301617263259415
26.279723386994757,11.765753814168415
23.646025496045386,12.386560532545696
30.043455199277997,11.32742963335532
29.196622748556685,11.904312670482177
29.673361682136743,12.83420557383122
23.782344368445187,11.791359819094502
27.51471389600696,13.047580896358335
24.803911416047796,12.813550329726528
26.852488271687236,11.506635569120744
27.911932178463537,11.456373431930679
29.595218474119918,11.568988366342111
27.764939279992333,11.371254366566387
27.06171329986199,12.665379666739879
25.983419672955904,10.907615016203449
23.9996553827477,11.739066615777391
28.71106961720874,11.333884415913008
23.90168163188652,12.799748067292658
27.89176020138849,10.885045044304556
23.610021717862473,11.029294681226716
26.839874139657326,12.076087765222635
26.997981310871086,12.221910186418443
26.050387092771707,12.084488244147336
28.39664561900884,11.157987063283189
23.813150370067984,11.899625105294598
26.75459776166158,11.043453652763954
28.002501682393092,12.090626588735361
25.45242102909619,12.675841761999061
28.823143877060495,12.601245071298585
27.99819289453465,12.92015590778095
25.75192569593503,10.692938893594746
29.73521854362649,11.69899342384262
27.54440658805231,12.290774857148808
26.135262111365044,11.763164400514937
29.166543519899612,11.136531599059827
23.680144422896795,13.132150346276072
28.755125530979523,11.701482153048154
23.757210446951433,11.678824884912101
24.403271136942358,12.118740527168919
26.722868925214264,11.076170382348073
30.14966104062599,10.946356273650235
27.80016439393862,11.515743792394801
25.12568903729181,11.276132470693184
27.154622405974116,11.747366081105099
29.07483659414807,12.777904568039906
24.918333448693126,10.79234830247184
24.09411270205129,10.814328384601684
24.5391939014468,11.670519787093793
23.73296223219798,12.282743454275892
26.620437001617056,12.936273991623963
29.209392815709425,11.448617012453566
28.732392062680603,11.56690263690114
24.77511230803332,11.729383793680592
26.332655602509565,12.4216127898386
24.333103370915076,11.256588379049793
28.55872528372011,12.07993811556855
25.644571856460015,11.850523776188643
23.892796611618007,12.106139939440457
28.08873287735311,11.527124426064061
26.840882002285188,11.387787818502355
24.31251355950449,12.974123994385026
27.11989991270341,11.514439230591382
25.29896351057118,12.566620461110364
29.741695668055556,12.769221176667797
25.836615388691083,10.953005601591471
26.12762905985376,13.123900979680046
23.614260172045295,12.122208413395088
26.271343401017464,13.059439631397213
28.704062160230805,10.739755590596747
29.038018796094747,11.696715455907041
27.568818486349848,11.615716435363295
29.54304565279764,12.911438540409446
30.18416974470504,11.63847113633976
24.461205260499824,11.769340015578328
28.54898739996866,12.774456289683862
29.894361496441093,11.604729596200594
26.902440064527646,12.188209111664795
28.705291082333915,11.514074912325077
29.505930034083196,12.890342799852649
27.218183814237708,12.610210008672414
27.295906055069345,11.868348967700902
29.310245230064353,10.7294139648766
28.1032075509021,12.745047011693517
25.691941545741646,13.105463403842295
29.129656115064765,10.66969550719763
26.542446225542523,11.209456073382245
27.221031986947917,12.188426347120263
27.06382977908312,11.780790776725874
24.08889186917091,11.232578481265008
29.200806630634684,12.897661847538249
23.888956414954063,13.055878999876818
27.61549401706391,11.075602348993076
29.50237426194166,12.57464349202586
24.43041512401934,12.701363355352754
23.82010676464747,12.37012759823121
28.80099184665233,11.693247665206885
27.491081053213804,10.854973107120033
26.169307791800385,10.84602286307422
25.716431854825338,12.99764043724761
24.033530669669133,11.415920974853467
25.67462919024883,12.62765524675263
25.733770693998814,12.75731735132427
24.306481328807436,11.044938203343229
29.87381740157318,12.732021688513077
28.764922974253214,12.005463577081565
27.04888487539463,13.06950602245345
24.253569483687947,12.525799717594719
23.725456987658294,11.137343699089291
25.60420687874608,12.949027106581406
24.24644197507479,10.994242672046324
25.11486180291342,13.202418096087642
30.245076723925553,12.538710444307688
30.20298321994687,10.990331103260708
25.739983209397522,12.550243727129164
26.55914647977086,12.376430038073586
29.98200623793678,10.832415955236428
25.49439888404936,12.234444734187102
28.789183792708215,12.274117198047213
28.126198861091336,12.017085259440444
25.638068292054324,11.721249803099143
27.19445692590517,12.695816777257628
27.312570213829414,13.07167134950206
26.78362075587084,12.509399439733693
26.917656361184832,12.76702953862514
25.722902132922997,12.122499221383265
27.204785016121054,10.930630552817775
24.904627811554413,11.974362408508703
24.03265791962113,11.440025691979274
29.01924629514128,10.993850670408468
24.11737766533387,11.045431856267186
24.00173400781417,12.786250599231398
29.495832636969862,12.210650337869238
27.629719703572807,11.113354143222594
29.167072337847124,13.047420056427079
25.833998142510946,10.722286656146197
25.07203357877348,11.19884532393447
30.146100959322236,11.2573550414261
23.787967220433117,11.941043416318573
29.728192556414093,11.894717859560684
25.163611885960318,12.821472464577726
29.258038071530052,11.72201147525862
29.68131357018491,13.208978012318944
25.838195782408256,11.202951442698886
26.27636837978997,12.387695167165358
29.959182035779577,12.225844093095688
26.797049354130817,10.843193895054728
28.872998686472858,12.215969882126922
29.8698987042813,12.97864585218017
25.475684938471918,10.954613923172358
26.582473270350462,12.622858179773939
28.450580986690827,11.940495946456117
25.150899139891482,12.289619226321697
24.220687825741493,12.338195869722872
29.43068230843394,11.417972335730969
24.925471417864784,12.095410145088909
25.713055728360043,11.356348010624224
28.21411126331308,13.121300242595877
26.187768916264638,11.582469957622454
28.974760999551428,11.273779229821058
25.98931583262294,12.228654998704625
24.647052608060743,11.99681989183148
29.438672482395962,11.36341791038321
26.208563283408537,11.875179569939458
25.24487128043304,11.968276385204367
24.532147970395833,11.760865264589896
27.90954479312868,12.879373386932869
24.37193659072119,11.139715858114975
26.156050474890485,12.547041578710013
28.68079684128398,11.103211626410443
28.443721500221578,12.32807474386551
26.918998378555855,13.043612901226219
26.36510949881979,10.735691912029912
23.608419837973386,11.646776074614387
27.4364210402695,10.856931897524309
27.35244447191072,12.44695214437483
24.39747906703882,12.466122034684517
29.957732763690366,13.15294801931288
23.722946557380148,11.454234791369027
29.83982053725465,10.696122673720392
24.261926642618814,11.972737828202954
28.55515027361818,11.258685017686384
27.19787938024393,12.887566440939294
27.220500390885466,11.991148901088735
28.99267174597649,10.742595005688088
28.35433738709525,12.371534900486365
30.322758696846815,12.38972363746836
25.191266148544628,13.034520864462595
28.29910689013036,11.079113472492011
29.93385266445507,12.611350990883796
26.956558315314528,11.286361464447811
25.890715957314963,12.695124423350814
28.708639148699252,12.5916867551784
26.29272321358918,11.158678583079178
23.821922285301678,10.917953364837569
28.768647263851246,11.863797342436046
29.878392136450906,12.099329046937266
29.37251997044684,12.271273196564312
24.26320257573942,12.839651761547044
27.40949002114953,11.051550954859746
28.595450747584625,12.110074840520149
26.754660021983945,13.151720608357788
24.056551641849456,11.443630555126672
30.26078327852928,13.002975331435373
28.525658926722947,12.098657639816002
27.86376930921192,12.390812502425318
29.1475478639835,13.149157014484128
26.595048812633856,12.528237151418416
25.68338818681472,11.61876090551256
27.579492561190044,13.168158121284902
25.658467685766432,12.927784970994892
30.263431738174344,10.914894611432828
24.905223754378053,12.79391947480746
24.950486487821077,12.498638008650348
27.516138273323286,12.018472163129394
29.2884212621272,12.675242732878305
29.973214729179517,13.077759017739165
25.9244875095928,12.173076009251954
26.906549184892977,11.439655574247036
29.93113454334386,11.535177869186255
28.199047863271783,12.116925148105027
27.004818829104323,12.098627737858985
27.49108133792172,11.051845306975286
25.878354275815738,11.041966016318684
29.334437864400677,13.105561413300654
27.92060021912213,12.869057866600093
29.911570627202458,10.94632335215884
24.922601111428555,12.649807673355966
23.852549326823016,12.868300482709797
26.016703148254305,11.870643433346803
29.94479840808971,10.736975449222369
29.049152440251984,11.145423896335332
25.81431105483847,12.470699899191693
25.156349871866826,10.921077794636988
25.970558288126657,12.56855698103743
26.84533258065243,11.292501257116394
24.493092592333063,12.240285666951438
25.59423366698751,12.085213327283032
30.264243361318726,10.792867185203969
27.61345242728227,10.730508643518975
29.81263968187705,12.005199648957696
29.26418386310287,13.023549060008923
24.460392540820543,10.759765970352294
27.0772928719567,11.850335332758752
25.760532109476973,12.880365374022364
27.55582302527489,13.105894484161572
23.881235286418637,13.087674666618824
25.105885107415116,11.486149931073937
29.86027521691311,11.650269419003846
23.681123907396156,12.694591235029824
27.132090650071746,13.126130512031532
29.53021552900893,12.417653690294578
29.959192260178984,12.327163699667869
28.48347322153149,11.033957663845081
30.248652568517173,12.491817655869584
24.339666960558894,12.407722903521776
29.626652017481696,11.52053868110752
26.053590028547237,12.74812703159472
28.834753432495404,11.411833684812294
24.11372994009856,10.997333275239491
28.697452932628742,13.203397872112522
25.971561940294684,10.866380631622786
25.117907962832415,12.818930635317466
28.00445055519148,10.88474024780184
27.690988615313405,11.812042643672925
27.606595284211387,11.75772628913868
23.89616387545655,12.295381600491053
28.470402374721463,12.997781043760497
29.880507853753095,11.588038499584165
29.392113620524782,12.595160363721904
26.78018420456432,11.650040274685729
27.632809771214568,11.712412464937414
26.474190876206336,12.446239788799314
29.2859699954302,10.758534684153776
26.018054088757058,11.326923405141647
25.733174214348075,11.602549209534686
26.97141738020827,12.582806485999916
25.508425346994436,11.059204769816441
24.874332509424583,13.075179548506425
29.50729325667034,12.560878072717584
27.937701026176057,11.306079916846178
27.998812784792573,11.382580590294648
24.830625917665962,12.439206805139095
28.333047402885935,11.727101553404188
23.690384431481707,12.465775198345733
23.822513261494517,11.387629568103705
24.713215226387494,12.682685870028557
27.05891190063654,12.309727174658825
28.715130125333477,12.112399045599076
28.243901359105312,11.886223077392897
29.131581474687902,12.301586764045695
28.411523548765462,12.34223601419006
27.722739954106903,13.078163159213242
24.767194702323835,11.075340261480981
28.48646474217067,12.713911292810417
27.027719455464826,11.260593982193235
24.34261173106026,10.91068651258013
27.49942388200768,11.311535455312045
24.954749891721445,11.225209028124603
29.39761364468886,10.884923246516882
29.667092500759196,12.969531517986068
23.873661171840162,12.545547641229616
28.395712272443063,11.863190959889243
29.788068448758143,12.53396842089344
28.544414151690816,11.172955416750032
24.18618617312295,11.417572398072387
27.245220062487178,11.350670035331596
29.518154811733805,12.873541215390139
25.102562747303896,12.529908964392291
23.939906862981807,12.019780549464123
27.450400588143598,12.275926735520688
26.537020574431214,12.586769452297727
29.32310560533464,12.583684379862648
25.88233789768587,12.684474672677725
24.437467069441666,11.336374977862242
26.82380138219737,11.851960754091348
30.02110490071575,11.722155788269276
24.842748974432066,11.77317886358058
28.293221428197988,13.03874622451899
25.239689006998244,11.510066498260516
28.052584961524673,11.343635771934336
25.373130951480682,13.094422519336476
24.934776816298406,11.867178960091714
26.804561577022373,11.221019090770659
24.027951140226268,10.835040606915717
24.759482988709912,13.00733936498073
27.71322597219455,12.245097272013146
24.452566909983954,11.086756849369033
26.472023782237464,11.882504478207961
24.332109669176038,11.732090935724582
25.703885166831494,10.717764499000184
29.8059660477813,11.203806702537907
28.159238645354442,12.93555881828232
25.597507787305318,10.779764882459144
28.878512397518083,10.765229145562502
23.885993393294964,12.512115318504422
23.63232746393261,10.896482498811022
24.64705678624088,11.615117539527882
27.059438697448282,11.705815832159734
25.139873072304816,10.972671024929117
27.13347191290617,11.620119779677623
28.11374997610008,12.34051445726291
30.319978720956836,11.138933118058334
25.850203139262828,10.715618732056285
29.150579382012637,11.971493209451424
28.962160003166538,11.66439814557801
26.373461843281948,12.875756220086563
29.573322791970504,11.858830500946581
24.6370478344134,12.539016410185367
24.798101857043893,10.860155534458102
28.610628912518536,13.067518939780637
26.801716643816082,11.111500801056042
28.358943223383463,10.8222182337954
24.857160603619032,11.697759754889317
29.628366824785935,11.621591325434574
27.909251443354453,11.489202451888302
27.26715461296566,10.89368754307329
25.922376488158832,11.959233460586132
24.20724728348998,13.054049273138242
30.27256656416859,11.07171292723953
29.58450313843291,12.41585219780652
27.49284034773882,10.926591576243636
23.980132798139948,10.741665082285417
24.339629432195252,11.045375757355659
28.57064969897504,12.057745545066199
26.228110293672156,11.959919887755575
25.144309416795252,12.936303120246578
27.25265558842808,12.16981607582778
28.09184814787213,12.542110661849174
27.377377101427516,12.955689984325057
30.311687674856366,10.904876743498612
25.31944226228041,12.417719799065514
29.0297941661493,11.084377905490758
26.46378158837799,11.516513638722397
29.52900405641147,13.099030917725662
24.905749291456388,11.340168296198728
29.779176264493202,12.99407343203019
28.172667064685065,12.92795917247498
23.77589871694765,11.067750405137154
27.438038377438996,11.141140536476161
28.277024507585104,11.588021709142007
24.530559034607023,11.388215609475324
26.3058987581507,12.307035754757543
27.883125159855744,12.752400277866617
27.35997973690298,11.592423166557005
24.7785257974096,12.588119434247776
28.589791264390445,12.435812819468605
26.099166151330586,12.614285888883796
27.840843531315087,11.466884579052222
24.206830412139535,12.717943090319157
25.773646508955522,12.849423283641862
27.764633818914092,11.349759145333234
25.488763026992206,11.267331339532294
26.730765259657897,10.77493788499601
28.559131975450086,10.828961609155797
23.75657461433945,12.987402654030094
24.560324168682065,13.202924073608752
27.866008059312218,12.680357149019445
29.629721107138987,11.348078260022621
25.945454413403166,11.134718544836426
28.39279965788607,11.780457820453131
26.579119962543068,11.789377965268578
23.941465045860923,12.446660814630278
26.39757048692622,13.094487947187156
24.58086953598945,10.698303599665179
28.10883706539761,10.750029115334636
25.447108307462816,10.717956272024287
29.52072220960346,12.456850125906646
27.548565029349945,11.675824318879105
23.69276418982914,13.166273493048868
28.493177815724586,12.32186327843176
27.344620749348934,11.93794290325383
27.584198886852896,11.889742307931037
24.290160773265608,10.73054199244619
26.82747197506262,11.685769165180071
23.877214563684916,11.116704123710464
28.52253345591879,12.578783660458502
28.337534970354472,12.920994209945986
26.133255328972222,12.992997064924902
24.008398555440007,10.980015783967444
25.485613105090117,11.408871304884128
25.792259351732802,10.959529035373494
24.2171308925741,12.002710298421832
28.895525969310945,11.530525601321807
26.452383762590994,12.504217264514082
27.339292014788832,11.873479781798277
26.429287007678223,11.298979497490393
26.866034555279974,12.94098453792171
24.249369948592474,11.058417689427147
25.432473209888315,12.531535617227913
25.305907418212122,12.64254430107165
29.020531579720544,10.949838032822662
24.785952695030453,12.790229146229995
24.157095394988367,11.853144097076617
27.253139371859618,11.367272850293588
26.533491026345395,11.333570598662197
27.13024531227392,12.654108910149432
27.789925101210713,11.509978454277038
24.987848194179254,11.760730206456307
25.217282643750703,12.520136513892133
25.92760178158935,12.16191433543538
24.729493005694035,12.225112008047683
29.077686589205353,12.57784890918234
25.898012228856995,12.592150762337416
25.028979726973063,11.690680334973859
24.93074034547903,12.154397529998752
25.46188541427118,11.121686967276393
28.478270195959375,12.657143703350725
25.69539283255514,11.297606993949275
24.13971157114789,12.301715237027961
24.13826601824402,12.698287974818312
25.38476363670091,12.961294355086102
25.32955801345672,11.409707490639942
29.967470913061963,11.452592422997112
28.078728230144247,10.90948938866882
24.402430909367585,11.827669862964369
25.725528608004396,10.892094405472449
24.21419926942935,11.337396687066121
29.855812534652028,11.161579698597805
30.164346506458948,11.884459416474503
27.607338551677348,11.993375579098519
26.018150008303177,12.250569228897506
24.69322351940645,11.039661132641385
28.499327374934794,12.637086134820764
28.962133059931197,11.12370759137898
25.58337524764862,12.654596708594138
27.48202845487444,11.004023884703232
29.376360800655974,11.929501002696039
25.660990380014745,12.398452325587057
28.85665344383146,12.063620052188416
28.09482796859121,12.260462805300245
30.15587457884341,12.771737178018865
24.164322437966923,12.395592666529833
26.90245949299331,11.348227174496705
25.37098119563265,10.999098989044192
26.44161093034131,11.98216129705148
24.621817810843453,11.727049876341422
26.659278690924054,11.69757788976116
30.190438707635344,13.114258538566464
25.557717678871633,10.83784405278505
28.558280287533055,11.941350456158931
29.4356353593069,12.109282737246785
27.358868239088174,11.050943191795708
27.368664814025646,12.314004689144305
26.508478135888286,11.602012044688385
26.87938529282774,12.065179643060414
29.32288018512927,10.841289186632997
26.747141286318904,12.105128538195256
23.581739903421056,12.1904496398063
24.14909480620568,11.749262193719112
24.549818291388117,12.585866123748481
29.251045561696735,12.753976983705774
25.03138593634223,11.422897189422113
28.04460598657115,11.519437302726674
26.690686396497117,11.18980408667797
26.736784529905506,10.73783971715216
24.967319962975253,12.992978201984915
23.964202839733474,13.050659617835981
26.309528141155493,10.702603901871635
26.007068793441032,12.623279485395887
30.127776399423606,11.286673066545843
28.86392684294291,11.002150560003793
24.80976006369713,12.542797456869542
29.444721252196928,10.925617375813204
27.255761702406716,12.649339199778789
28.737857189134527,12.063867437601298
30.34001159796795,12.390721583713123
26.740951438503618,11.587625641747046
23.816566512335786,11.491397564325814
25.743283908504186,11.916801779980666
25.54390663791176,11.569895429150272
24.71392177544138,12.540302607415429
24.799134226889823,12.107354666997956
27.218558455309065,11.862004682654959
27.174111539072726,12.21644600358236
24.70489783829906,11.39535519079876
25.42672089924821,10.69846329271776
29.652860557660418,11.552083154670738
29.111081347044642,10.72599030300359
24.434255529399717,12.291780338907044
25.95371568985987,11.485086341233945
29.532897592611075,11.413091509162246
24.55788541965655,12.06421335831047
24.82260866239801,11.373002619466474
25.282540405650053,12.70719085357647
28.628917028376282,12.242553128781145
27.824582437765493,11.166009172045479
24.095243144618014,13.144056523387777
23.775537845016146,10.776185864778679
27.939454133013708,10.968458435981926
27.727655537782965,12.187208440593002
29.229540199770234,10.830787295789886
24.801586963559355,11.755539670445307
25.955463596508668,12.445413860946397
23.73848066374867,11.195438862015767
24.881096483018176,11.570498382877883
30.015158150966915,11.099484738954127
24.30689413904061,12.391720013538702
29.474789301183634,12.995107242486762
27.498541692280412,12.182525401032764
28.39179589090057,12.014958237477016
28.240007165932347,12.192610281017519
26.06523579500044,11.920313138300019
26.67969091845444,12.87848614881892
25.750714977426068,11.39417211114602
28.548395381121075,10.9160748345813
28.481799797608566,12.847625806679435
24.663764735020315,12.26252848684912
26.41005158088695,12.308384757016222
25.100139200867012,13.065224276820837
26.520918175792737,13.02253179793772
28.421107931190846,12.988409311879114
25.010748855469572,10.914336258284761
27.831600294647124,11.079352337788373
26.783820118976536,10.982505555749714
28.109628563250343,13.072486219661062
27.512415389010847,12.63276371365643
28.067815275580617,11.24962637070037
27.839021219572935,12.771522918126724
28.04421540353891,11.189619892264794
29.10147350661109,12.096152412080793
24.626076238085027,11.601552073091195
27.774661120816425,12.936489678670156
27.87478305197131,12.57971011817661
29.9863151289579,12.545605197744441
28.447069041220747,10.965648084045226
25.01763684013166,11.479424655159113
26.63499557357942,11.608002540839124
26.020226942488367,12.976427213615741
27.93342437149177,11.73105902187787
26.136165033621623,12.545350850601306
26.489963749735747,10.915180871246648
23.995335514530698,11.320198784893915
25.629880379635118,11.837434873115246
29.816755190436535,11.22375717474614
26.619097395333732,10.72458818536563
24.005777030395507,12.143799973050893
29.86555597843879,11.625873451591064
24.99156800323553,11.58268811412055
24.989234113716144,11.600365502947088
27.301591277901963,11.274230152222081
27.844096537737087,11.498990220058086
29.783261236062668,12.780731513285088
26.890029237791527,12.220700730082427
28.7949404482453,12.585016219680591
27.25150974533099,13.191783232790408
26.039811558289838,10.682428331944449
25.036008740019387,12.786125830884227
25.244945182352723,12.759651483773801
23.926361655409544,13.036138791148812
24.045647202595003,11.650823196364401
29.457083207802505,12.84003076777551
25.556362227241788,11.362149443732434
25.43857378830906,12.655129893040824
27.4574561027217,12.77681629414901
27.575887450266123,12.327723165723981
25.796273438808186,12.494247440092863
23.773615192368617,12.154028329315691
29.030486579853616,12.32435857600927
26.286315013256623,11.730617532782782
24.561462988278045,11.908560531342117
29.957501519073006,12.905989965250797
27.62490384818045,11.29650570683239
30.348496559999226,11.413892234400727
26.06627252134806,12.145778248823921
24.327584114288523,11.71447294582927
29.058224807279895,11.587577598457
28.655860261240473,12.418409778347918
28.067607867399676,10.791572488596048
29.651603133029347,13.027587868220227
29.88760788383999,13.081654594842659
28.212500933985094,12.139994790292826
26.25856825835782,12.921095333385765
25.569168986739474,11.884969241481407
25.899435951492535,12.515352895546478
27.053526894914842,11.126077324248303
28.150970451697273,11.133833306417987
26.310892530310642,12.850887293998142
25.98739053739046,10.877571886112626
29.033660268841835,11.433878848713878
28.906420375692335,11.570512279964877
28.534446897015187,12.316336761336693
25.38370577920833,10.984318797853948
28.650593890345416,12.200649943621945
29.40809954967054,12.655254283195355
29.322797927099387,10.852402641488423
29.821785715680935,12.73409774481617
30.345178808645645,11.094499902153045
26.587551226575243,12.27640737474546
26.506284264756687,12.381721678152635
24.665372624101348,11.817310950721598
29.482020260067642,10.959336316465153
27.744972470407472,11.079062641164672
24.24794339280563,12.666992887164895
25.96548185414467,12.310610327221447
27.88527249356297,12.565528388695519
29.248314210019263,12.701836518385987
27.591894029884955,13.008166241662986
24.584784689609734,13.068708832776357
28.923984946909126,12.829696889831741
23.64059160093641,11.125520040627245
29.809502499758025,11.040976491399272
28.07053087057043,12.464387887677207
30.28000977846655,11.24737652714878
28.700226632472013,11.956268417819192
25.0444150874908,12.488247069248139
25.181317222354203,11.759610718587451
24.720171201521044,11.968212951793681
27.47215681643271,12.37921562133943
28.449667461423605,13.053494979238021
29.879160842973103,13.100856418614349
23.76073815590895,11.71784952590763
26.577960386796146,13.010903195338619
23.601539917897952,12.09333049854176
24.957386270936563,11.134708835364053
28.507945749335168,11.397905289932869
23.688238288158733,12.820908622227787
26.662709347428862,12.096633731133759
25.683851873605605,11.4468390382729
28.382422638964243,11.846426143322745
28.701522428207944,11.353870680522133
29.934175072976277,12.754136888089308
27.337684988919275,11.791212452877941
27.13093920823931,11.541566088148175
24.06243492739065,12.624757670281777
25.23750697545204,11.036658267728553
24.54502179789462,11.127806355560379
28.727079460083612,11.866237365922528
29.92462822207304,10.89141938600823
24.30491851648426,11.900595655526285
27.041404128987644,10.855777392634176
24.765130245826693,12.850192300190605
25.826667588810995,13.103059425324686
25.292878680002218,12.151956526990633
27.15401685113909,11.623186562495633
27.851911866567605,12.133638273457223
23.926246246292095,12.522609853454227
26.4485020338258,11.380109840017917
23.647751214261884,13.020085074850913
26.26263564107328,10.819507602984034
26.889014962831126,11.376561770653831
28.210465377335716,11.966701389174604
25.560650223694367,11.99567593852233
27.715277157394908,12.80433965309095
28.007683927655183,11.711593857780459
27.214245214606006,13.054463755157052
25.276334354038767,12.62346741136291
29.83546536657164,10.799669412216796
29.045520921099776,11.076548385000835
27.14880765343955,11.335487094482104
30.180681235939414,11.279384429902619
28.8757921350298,12.799426762944547
30.14717033417974,11.457650523028224
23.955266716374553,13.09084981549111
28.437016437117535,12.547691600694428
24.70606319510092,11.566993609922159
26.69907298058833,12.26463171650111
28.918794908756873,13.034746596490411
25.116743993110045,13.138035734634501
25.36370147992965,12.947187067263794
26.58300235729835,10.808623054210777
27.411420314282736,10.675474008315275
24.639529545647996,11.726734873576415
25.726274604313485,11.306561254437954
30.316234624730203,11.22863482167773
28.923325296677643,12.252646468748749
26.219389784223257,12.472927707350356
26.474982245416058,11.7368009034498
26.356171308522395,10.922948355560484
25.680267334070674,11.904572910912231
28.6251890558422,12.001901341093212
27.828402035434593,11.067118445354852
28.869118538478908,11.413429144305015
25.390572557449477,11.409372504609816
29.000047377240335,13.189358631235612
23.914584979902312,12.789254325949688
25.23353154994881,13.064580770475983
25.993028159170294,11.474923139781884
28.423377742855205,12.083522400604025
28.117480495359185,12.40777336074981
29.21279523896508,12.109666377053742
27.309789315453116,11.67533236313196
23.80676294539492,13.140790293637936
30.016691621952553,12.571307139072044
25.319173848020377,11.28292189467843
29.247629086440494,10.913170159817174
23.85366305648869,12.68991391104203
26.620528891774484,12.625179001194484
30.236683846071045,13.007864142428035
26.849358815826083,11.923274867996989
24.661844285135942,12.927870822161672
24.11602666200739,12.326228898535652
23.69543099676517,11.251482965790666
26.89321744472,11.671732052135358
28.65945490671206,11.293728978248916
24.579126382714232,13.07817869627357
25.252736659211173,12.740649953104645
25.643590596111213,12.04564705538831
25.416586362515325,13.206108005506476
26.88799650675895,11.050029447301903
26.873245613252596,10.804196603457532
24.306018463804264,10.819297380665517
24.246634051579992,11.82526529126696
24.262605535898707,11.01599347722649
27.864268680489534,10.823801793666261
29.3785396900316,11.223180093420526
28.48412307316493,10.901143025026194
28.781699017290975,12.333539645960657
24.931620501137417,12.230707676505906
29.73745359105973,11.6808533680647
25.722610636205392,12.572205700576616
27.224992009360424,12.303493538219499
27.623556242518386,12.542025433864744
30.19300888648325,12.484050135500716
29.1889358786649,11.835879565609385
25.410060398156833,10.710750031935012
26.832691198156112,12.927612517411823
27.19227487576012,11.280990925292551
28.19247260350863,11.515797810736434
23.791409768366314,11.876288440619115
29.05410410928753,12.872280025418835
25.45464479750634,12.013662007354178
29.241201630719022,12.195794268324024
27.06661345627516,11.251289754529612
26.715200196211956,11.844630684436497
28.222005525775376,12.788605522008607
24.118339600765175,12.635015461707448
25.234239749029886,12.40616057874929
29.652040508232492,11.45347247709135
25.665806216251436,11.100189793709198
24.861266582370273,13.00847799204514
29.37393798724493,11.350761647912607
25.846910391310264,12.051459763638826
30.257189589747718,12.968216197308008
26.562806045674744,10.810947792168607
24.074760184233163,12.1779365660993
30.160188750629732,10.901194868017111
27.021151725169645,12.546629329286397
25.826433935957255,12.843317150803141
24.69588277894258,12.912838179146512
29.38783191717312,10.882968652252707
25.25852726382282,11.233156447531227
26.18385934606942,13.128615773701455
30.1473517275718,10.682952193097542
28.23395585282643,11.003656149442582
30.00303907196548,12.257708210465315
29.620802432194182,11.600031112987162
26.245490519122967,12.77999492627234
26.327232614869054,12.333624342268088
25.047638678570497,12.66530333054179
27.697300637356765,12.274610261683485
24.84406121337037,11.325633377052158
24.304977565208173,11.159004846095739
30.355951618397462,12.260144668042166
28.559882840654318,11.27499976655478
25.928529740044258,11.766822843057792
29.26748510888911,12.236340064217211
29.96454373026934,11.332344821411127
28.09069819413291,11.85493507236428
29.911133820591395,12.398104002298792
27.259966797368754,11.821330681525401
29.996468359100813,12.00214323251754
29.376308028613384,10.72786893483171
30.26881615449332,13.152820771286121
23.655044929189998,11.462989627343967
26.184932000539064,11.595254770163105
26.982569379839926,13.000567508212807
27.28620916356937,12.841861408520266
29.921987369666503,12.442211568447188
28.575560698719425,12.462478487686452
26.160767833363188,11.85356133346708
26.045774146728082,10.69781278800965
26.367438892323715,12.390606631761978
24.97267143532226,11.026793863694959
25.399060426405615,10.791499256736659
23.56623955683375,11.060221194849174
25.091417226388845,13.154692366445746
25.299412006559468,11.918599459485923
